45.59
45.6
45.61
45.62
45.63
45.64
45.65
45.66
45.67
45.68
45.69
45.7
45.71
45.72
45.73
45.74
45.75
45.76
45.77
45.78
45.79
45.8
45.81
45.82
45.83
45.84
45.85
45.86
45.87
45.88
45.89
45.9
45.91
45.92
45.93
45.94
45.95
45.96
45.97
45.98
45.99
46
46.01
46.02
46.03
46.04
46.05
46.06
46.07
46.08
46.09
46.1
46.11
46.12
46.13
46.14
46.15
46.16
46.17
46.18
46.19
46.2
46.21
46.22
46.23
46.24
46.25
46.26
46.27
46.28
46.29
46.3
46.31
46.32
46.33
46.34
46.35
46.36
46.37
46.38
46.39
46.4
46.41
46.42
46.43
46.44
46.45
46.46
46.47
46.48
46.49
46.5
46.51
46.52
46.53
46.54
46.55
46.56
46.57
46.58
46.59
46.6
46.61
46.62
46.63
